{
    "Configuration": {
        "gravity": [
            0.0,
            -9.8,
            0.0
        ],
        "sleep_angular_velocity2_threshold": 0.08,
        "sleep_linear_velocity2_threshold": 0.04,
        "sleep_time_threshold": 1.0
    },
    "DamageSources": null,
    "RigidBodies": [
        {
            "friction": 0.5,
            "ignore_collision": false,
            "kinematic": true,
            "lifetime": 1e+100,
            "mass": 10000.0,
            "name": "",
            "position": [
                0.0,
                -5.0,
                0.0
            ],
            "restitution": 0.5,
            "rotation": [
                1.0,
                0.0,
                0.0,
                0.0,
                1.0,
                0.0,
                0.0,
                0.0,
                1.0
            ],
            "scale": [
                250.0,
                10.0,
                250.0
            ],
            "tag": "",
            "type": "box"
        },
        {
            "angular_damping": 0.8,
            "angular_velocity": [
                0.0,
                0.0,
                0.0
            ],
            "friction": 0.5,
            "ignore_collision": false,
            "kinematic": false,
            "lifetime": 1e+100,
            "linear_damping": 0.0,
            "linear_velocity": [
                0.0,
                0.0,
                0.0
            ],
            "mass": 1.0,
            "name": "",
            "position": [
                4.0,
                0.47123889803834995,
                -20.0
            ],
            "restitution": 0.5,
            "rotation": [
                1.0,
                0.0,
                0.0,
                0.0,
                1.0,
                0.0,
                0.0,
                0.0,
                1.0
            ],
            "scale": [
                0.6283185307178,
                0.9424777960766999,
                2.5132741228712
            ],
            "tag": "",
            "type": "box"
        },
        {
            "angular_damping": 0.8,
            "angular_velocity": [
                0.0,
                0.0,
                0.0
            ],
            "friction": 0.5,
            "ignore_collision": false,
            "kinematic": false,
            "lifetime": 1e+100,
            "linear_damping": 0.0,
            "linear_velocity": [
                0.0,
                0.0,
                0.0
            ],
            "mass": 1.0,
            "name": "",
            "position": [
                2.828427124746751,
                0.47123889803834995,
                -17.17157287525437
            ],
            "restitution": 0.5,
            "rotation": [
                0.7071067811866878,
                0.0,
                -0.7071067811864074,
                0.0,
                1.0,
                0.0,
                0.7071067811864074,
                0.0,
                0.7071067811866878
            ],
            "scale": [
                0.6283185307178,
                0.9424777960766999,
                2.5132741228712
            ],
            "tag": "",
            "type": "box"
        },
        {
            "angular_damping": 0.8,
            "angular_velocity": [
                0.0,
                0.0,
                0.0
            ],
            "friction": 0.5,
            "ignore_collision": false,
            "kinematic": false,
            "lifetime": 1e+100,
            "linear_damping": 0.0,
            "linear_velocity": [
                0.0,
                0.0,
                0.0
            ],
            "mass": 1.0,
            "name": "",
            "position": [
                1.5865315869442532e-12,
                0.47123889803834995,
                -16.0
            ],
            "restitution": 0.5,
            "rotation": [
                3.966328967360633e-13,
                0.0,
                -1.0,
                0.0,
                1.0,
                0.0,
                1.0,
                0.0,
                3.966328967360633e-13
            ],
            "scale": [
                0.6283185307178,
                0.9424777960766999,
                2.5132741228712
            ],
            "tag": "",
            "type": "box"
        },
        {
            "angular_damping": 0.8,
            "angular_velocity": [
                0.0,
                0.0,
                0.0
            ],
            "friction": 0.5,
            "ignore_collision": false,
            "kinematic": false,
            "lifetime": 1e+100,
            "linear_damping": 0.0,
            "linear_velocity": [
                0.0,
                0.0,
                0.0
            ],
            "mass": 1.0,
            "name": "",
            "position": [
                -2.8284271247445067,
                0.47123889803834995,
                -17.171572875252128
            ],
            "restitution": 0.5,
            "rotation": [
                -0.7071067811861267,
                0.0,
                -0.7071067811869683,
                0.0,
                1.0,
                0.0,
                0.7071067811869683,
                0.0,
                -0.7071067811861267
            ],
            "scale": [
                0.6283185307178,
                0.9424777960766999,
                2.5132741228712
            ],
            "tag": "",
            "type": "box"
        },
        {
            "angular_damping": 0.8,
            "angular_velocity": [
                0.0,
                0.0,
                0.0
            ],
            "friction": 0.5,
            "ignore_collision": false,
            "kinematic": false,
            "lifetime": 1e+100,
            "linear_damping": 0.0,
            "linear_velocity": [
                0.0,
                0.0,
                0.0
            ],
            "mass": 1.0,
            "name": "",
            "position": [
                -4.0,
                0.47123889803834995,
                -19.999999999996827
            ],
            "restitution": 0.5,
            "rotation": [
                -1.0,
                0.0,
                -7.932657934721266e-13,
                0.0,
                1.0,
                0.0,
                7.932657934721266e-13,
                0.0,
                -1.0
            ],
            "scale": [
                0.6283185307178,
                0.9424777960766999,
                2.5132741228712
            ],
            "tag": "",
            "type": "box"
        },
        {
            "angular_damping": 0.8,
            "angular_velocity": [
                0.0,
                0.0,
                0.0
            ],
            "friction": 0.5,
            "ignore_collision": false,
            "kinematic": false,
            "lifetime": 1e+100,
            "linear_damping": 0.0,
            "linear_velocity": [
                0.0,
                0.0,
                0.0
            ],
            "mass": 1.0,
            "name": "",
            "position": [
                -2.8284271247489943,
                0.47123889803834995,
                -22.828427124743385
            ],
            "restitution": 0.5,
            "rotation": [
                -0.7071067811872486,
                0.0,
                0.7071067811858466,
                0.0,
                1.0,
                0.0,
                -0.7071067811858466,
                0.0,
                -0.7071067811872486
            ],
            "scale": [
                0.6283185307178,
                0.9424777960766999,
                2.5132741228712
            ],
            "tag": "",
            "type": "box"
        },
        {
            "angular_damping": 0.8,
            "angular_velocity": [
                0.0,
                0.0,
                0.0
            ],
            "friction": 0.5,
            "ignore_collision": false,
            "kinematic": false,
            "lifetime": 1e+100,
            "linear_damping": 0.0,
            "linear_velocity": [
                0.0,
                0.0,
                0.0
            ],
            "mass": 1.0,
            "name": "",
            "position": [
                -4.7613711176721594e-12,
                0.47123889803834995,
                -24.0
            ],
            "restitution": 0.5,
            "rotation": [
                -1.1903427794180399e-12,
                0.0,
                1.0,
                0.0,
                1.0,
                0.0,
                -1.0,
                0.0,
                -1.1903427794180399e-12
            ],
            "scale": [
                0.6283185307178,
                0.9424777960766999,
                2.5132741228712
            ],
            "tag": "",
            "type": "box"
        },
        {
            "angular_damping": 0.8,
            "angular_velocity": [
                0.0,
                0.0,
                0.0
            ],
            "friction": 0.5,
            "ignore_collision": false,
            "kinematic": false,
            "lifetime": 1e+100,
            "linear_damping": 0.0,
            "linear_velocity": [
                0.0,
                0.0,
                0.0
            ],
            "mass": 1.0,
            "name": "",
            "position": [
                2.828427124742263,
                0.47123889803834995,
                -22.828427124750117
            ],
            "restitution": 0.5,
            "rotation": [
                0.7071067811855658,
                0.0,
                0.7071067811875292,
                0.0,
                1.0,
                0.0,
                -0.7071067811875292,
                0.0,
                0.7071067811855658
            ],
            "scale": [
                0.6283185307178,
                0.9424777960766999,
                2.5132741228712
            ],
            "tag": "",
            "type": "box"
        },
        {
            "angular_damping": 0.8,
            "angular_velocity": [
                0.0,
                0.0,
                0.0
            ],
            "friction": 0.5,
            "ignore_collision": false,
            "kinematic": false,
            "lifetime": 1e+100,
            "linear_damping": 0.0,
            "linear_velocity": [
                0.0,
                0.0,
                0.0
            ],
            "mass": 1.0,
            "name": "",
            "position": [
                3.695518130045299,
                1.4137166941150499,
                -18.469266270540007
            ],
            "restitution": 0.5,
            "rotation": [
                0.9238795325113247,
                0.0,
                -0.3826834323649982,
                0.0,
                1.0,
                0.0,
                0.3826834323649982,
                0.0,
                0.9238795325113247
            ],
            "scale": [
                0.6283185307178,
                0.9424777960766999,
                2.5132741228712
            ],
            "tag": "",
            "type": "box"
        },
        {
            "angular_damping": 0.8,
            "angular_velocity": [
                0.0,
                0.0,
                0.0
            ],
            "friction": 0.5,
            "ignore_collision": false,
            "kinematic": false,
            "lifetime": 1e+100,
            "linear_damping": 0.0,
            "linear_velocity": [
                0.0,
                0.0,
                0.0
            ],
            "mass": 1.0,
            "name": "",
            "position": [
                1.530733729461459,
                1.4137166941150499,
                -16.30448186995531
            ],
            "restitution": 0.5,
            "rotation": [
                0.38268343236536473,
                0.0,
                -0.9238795325111728,
                0.0,
                1.0,
                0.0,
                0.9238795325111728,
                0.0,
                0.38268343236536473
            ],
            "scale": [
                0.6283185307178,
                0.9424777960766999,
                2.5132741228712
            ],
            "tag": "",
            "type": "box"
        },
        {
            "angular_damping": 0.8,
            "angular_velocity": [
                0.0,
                0.0,
                0.0
            ],
            "friction": 0.5,
            "ignore_collision": false,
            "kinematic": false,
            "lifetime": 1e+100,
            "linear_damping": 0.0,
            "linear_velocity": [
                0.0,
                0.0,
                0.0
            ],
            "mass": 1.0,
            "name": "",
            "position": [
                -1.5307337294585273,
                1.4137166941150499,
                -16.304481869954095
            ],
            "restitution": 0.5,
            "rotation": [
                -0.3826834323646318,
                0.0,
                -0.9238795325114765,
                0.0,
                1.0,
                0.0,
                0.9238795325114765,
                0.0,
                -0.3826834323646318
            ],
            "scale": [
                0.6283185307178,
                0.9424777960766999,
                2.5132741228712
            ],
            "tag": "",
            "type": "box"
        },
        {
            "angular_damping": 0.8,
            "angular_velocity": [
                0.0,
                0.0,
                0.0
            ],
            "friction": 0.5,
            "ignore_collision": false,
            "kinematic": false,
            "lifetime": 1e+100,
            "linear_damping": 0.0,
            "linear_velocity": [
                0.0,
                0.0,
                0.0
            ],
            "mass": 1.0,
            "name": "",
            "position": [
                -3.6955181300440842,
                1.4137166941150499,
                -18.469266270537076
            ],
            "restitution": 0.5,
            "rotation": [
                -0.9238795325110211,
                0.0,
                -0.38268343236573116,
                0.0,
                0.9999999999999999,
                0.0,
                0.38268343236573116,
                0.0,
                -0.9238795325110211
            ],
            "scale": [
                0.6283185307178,
                0.9424777960766999,
                2.5132741228712
            ],
            "tag": "",
            "type": "box"
        },
        {
            "angular_damping": 0.8,
            "angular_velocity": [
                0.0,
                0.0,
                0.0
            ],
            "friction": 0.5,
            "ignore_collision": false,
            "kinematic": false,
            "lifetime": 1e+100,
            "linear_damping": 0.0,
            "linear_velocity": [
                0.0,
                0.0,
                0.0
            ],
            "mass": 1.0,
            "name": "",
            "position": [
                -3.695518130046513,
                1.4137166941150499,
                -21.53073372945706
            ],
            "restitution": 0.5,
            "rotation": [
                -0.9238795325116282,
                0.0,
                0.3826834323642654,
                0.0,
                1.0,
                0.0,
                -0.3826834323642654,
                0.0,
                -0.9238795325116282
            ],
            "scale": [
                0.6283185307178,
                0.9424777960766999,
                2.5132741228712
            ],
            "tag": "",
            "type": "box"
        },
        {
            "angular_damping": 0.8,
            "angular_velocity": [
                0.0,
                0.0,
                0.0
            ],
            "friction": 0.5,
            "ignore_collision": false,
            "kinematic": false,
            "lifetime": 1e+100,
            "linear_damping": 0.0,
            "linear_velocity": [
                0.0,
                0.0,
                0.0
            ],
            "mass": 1.0,
            "name": "",
            "position": [
                -1.5307337294643888,
                1.4137166941150499,
                -23.695518130043478
            ],
            "restitution": 0.5,
            "rotation": [
                -0.3826834323660972,
                0.0,
                0.9238795325108695,
                0.0,
                1.0,
                0.0,
                -0.9238795325108695,
                0.0,
                -0.3826834323660972
            ],
            "scale": [
                0.6283185307178,
                0.9424777960766999,
                2.5132741228712
            ],
            "tag": "",
            "type": "box"
        },
        {
            "angular_damping": 0.8,
            "angular_velocity": [
                0.0,
                0.0,
                0.0
            ],
            "friction": 0.5,
            "ignore_collision": false,
            "kinematic": false,
            "lifetime": 1e+100,
            "linear_damping": 0.0,
            "linear_velocity": [
                0.0,
                0.0,
                0.0
            ],
            "mass": 1.0,
            "name": "",
            "position": [
                1.530733729455594,
                1.4137166941150499,
                -23.69551813004712
            ],
            "restitution": 0.5,
            "rotation": [
                0.3826834323638985,
                0.0,
                0.9238795325117802,
                0.0,
                1.0,
                0.0,
                -0.9238795325117802,
                0.0,
                0.3826834323638985
            ],
            "scale": [
                0.6283185307178,
                0.9424777960766999,
                2.5132741228712
            ],
            "tag": "",
            "type": "box"
        },
        {
            "angular_damping": 0.8,
            "angular_velocity": [
                0.0,
                0.0,
                0.0
            ],
            "friction": 0.5,
            "ignore_collision": false,
            "kinematic": false,
            "lifetime": 1e+100,
            "linear_damping": 0.0,
            "linear_velocity": [
                0.0,
                0.0,
                0.0
            ],
            "mass": 1.0,
            "name": "",
            "position": [
                3.69551813004287,
                1.4137166941150499,
                -21.530733729465855
            ],
            "restitution": 0.5,
            "rotation": [
                0.9238795325107175,
                0.0,
                0.382683432366464,
                0.0,
                1.0,
                0.0,
                -0.382683432366464,
                0.0,
                0.9238795325107175
            ],
            "scale": [
                0.6283185307178,
                0.9424777960766999,
                2.5132741228712
            ],
            "tag": "",
            "type": "box"
        },
        {
            "angular_damping": 0.8,
            "angular_velocity": [
                0.0,
                0.0,
                0.0
            ],
            "friction": 0.5,
            "ignore_collision": false,
            "kinematic": false,
            "lifetime": 1e+100,
            "linear_damping": 0.0,
            "linear_velocity": [
                0.0,
                0.0,
                0.0
            ],
            "mass": 1.0,
            "name": "",
            "position": [
                4.0,
                2.3561944901917498,
                -20.0
            ],
            "restitution": 0.5,
            "rotation": [
                1.0,
                0.0,
                0.0,
                0.0,
                1.0,
                0.0,
                0.0,
                0.0,
                1.0
            ],
            "scale": [
                0.6283185307178,
                0.9424777960766999,
                2.5132741228712
            ],
            "tag": "",
            "type": "box"
        },
        {
            "angular_damping": 0.8,
            "angular_velocity": [
                0.0,
                0.0,
                0.0
            ],
            "friction": 0.5,
            "ignore_collision": false,
            "kinematic": false,
            "lifetime": 1e+100,
            "linear_damping": 0.0,
            "linear_velocity": [
                0.0,
                0.0,
                0.0
            ],
            "mass": 1.0,
            "name": "",
            "position": [
                2.828427124746751,
                2.3561944901917498,
                -17.17157287525437
            ],
            "restitution": 0.5,
            "rotation": [
                0.7071067811866878,
                0.0,
                -0.7071067811864074,
                0.0,
                1.0,
                0.0,
                0.7071067811864074,
                0.0,
                0.7071067811866878
            ],
            "scale": [
                0.6283185307178,
                0.9424777960766999,
                2.5132741228712
            ],
            "tag": "",
            "type": "box"
        },
        {
            "angular_damping": 0.8,
            "angular_velocity": [
                0.0,
                0.0,
                0.0
            ],
            "friction": 0.5,
            "ignore_collision": false,
            "kinematic": false,
            "lifetime": 1e+100,
            "linear_damping": 0.0,
            "linear_velocity": [
                0.0,
                0.0,
                0.0
            ],
            "mass": 1.0,
            "name": "",
            "position": [
                1.5865315869442532e-12,
                2.3561944901917498,
                -16.0
            ],
            "restitution": 0.5,
            "rotation": [
                3.966328967360633e-13,
                0.0,
                -1.0,
                0.0,
                1.0,
                0.0,
                1.0,
                0.0,
                3.966328967360633e-13
            ],
            "scale": [
                0.6283185307178,
                0.9424777960766999,
                2.5132741228712
            ],
            "tag": "",
            "type": "box"
        },
        {
            "angular_damping": 0.8,
            "angular_velocity": [
                0.0,
                0.0,
                0.0
            ],
            "friction": 0.5,
            "ignore_collision": false,
            "kinematic": false,
            "lifetime": 1e+100,
            "linear_damping": 0.0,
            "linear_velocity": [
                0.0,
                0.0,
                0.0
            ],
            "mass": 1.0,
            "name": "",
            "position": [
                -2.8284271247445067,
                2.3561944901917498,
                -17.171572875252128
            ],
            "restitution": 0.5,
            "rotation": [
                -0.7071067811861267,
                0.0,
                -0.7071067811869683,
                0.0,
                1.0,
                0.0,
                0.7071067811869683,
                0.0,
                -0.7071067811861267
            ],
            "scale": [
                0.6283185307178,
                0.9424777960766999,
                2.5132741228712
            ],
            "tag": "",
            "type": "box"
        },
        {
            "angular_damping": 0.8,
            "angular_velocity": [
                0.0,
                0.0,
                0.0
            ],
            "friction": 0.5,
            "ignore_collision": false,
            "kinematic": false,
            "lifetime": 1e+100,
            "linear_damping": 0.0,
            "linear_velocity": [
                0.0,
                0.0,
                0.0
            ],
            "mass": 1.0,
            "name": "",
            "position": [
                -4.0,
                2.3561944901917498,
                -19.999999999996827
            ],
            "restitution": 0.5,
            "rotation": [
                -1.0,
                0.0,
                -7.932657934721266e-13,
                0.0,
                1.0,
                0.0,
                7.932657934721266e-13,
                0.0,
                -1.0
            ],
            "scale": [
                0.6283185307178,
                0.9424777960766999,
                2.5132741228712
            ],
            "tag": "",
            "type": "box"
        },
        {
            "angular_damping": 0.8,
            "angular_velocity": [
                0.0,
                0.0,
                0.0
            ],
            "friction": 0.5,
            "ignore_collision": false,
            "kinematic": false,
            "lifetime": 1e+100,
            "linear_damping": 0.0,
            "linear_velocity": [
                0.0,
                0.0,
                0.0
            ],
            "mass": 1.0,
            "name": "",
            "position": [
                -2.8284271247489943,
                2.3561944901917498,
                -22.828427124743385
            ],
            "restitution": 0.5,
            "rotation": [
                -0.7071067811872486,
                0.0,
                0.7071067811858466,
                0.0,
                1.0,
                0.0,
                -0.7071067811858466,
                0.0,
                -0.7071067811872486
            ],
            "scale": [
                0.6283185307178,
                0.9424777960766999,
                2.5132741228712
            ],
            "tag": "",
            "type": "box"
        },
        {
            "angular_damping": 0.8,
            "angular_velocity": [
                0.0,
                0.0,
                0.0
            ],
            "friction": 0.5,
            "ignore_collision": false,
            "kinematic": false,
            "lifetime": 1e+100,
            "linear_damping": 0.0,
            "linear_velocity": [
                0.0,
                0.0,
                0.0
            ],
            "mass": 1.0,
            "name": "",
            "position": [
                -4.7613711176721594e-12,
                2.3561944901917498,
                -24.0
            ],
            "restitution": 0.5,
            "rotation": [
                -1.1903427794180399e-12,
                0.0,
                1.0,
                0.0,
                1.0,
                0.0,
                -1.0,
                0.0,
                -1.1903427794180399e-12
            ],
            "scale": [
                0.6283185307178,
                0.9424777960766999,
                2.5132741228712
            ],
            "tag": "",
            "type": "box"
        },
        {
            "angular_damping": 0.8,
            "angular_velocity": [
                0.0,
                0.0,
                0.0
            ],
            "friction": 0.5,
            "ignore_collision": false,
            "kinematic": false,
            "lifetime": 1e+100,
            "linear_damping": 0.0,
            "linear_velocity": [
                0.0,
                0.0,
                0.0
            ],
            "mass": 1.0,
            "name": "",
            "position": [
                2.828427124742263,
                2.3561944901917498,
                -22.828427124750117
            ],
            "restitution": 0.5,
            "rotation": [
                0.7071067811855658,
                0.0,
                0.7071067811875292,
                0.0,
                1.0,
                0.0,
                -0.7071067811875292,
                0.0,
                0.7071067811855658
            ],
            "scale": [
                0.6283185307178,
                0.9424777960766999,
                2.5132741228712
            ],
            "tag": "",
            "type": "box"
        },
        {
            "angular_damping": 0.8,
            "angular_velocity": [
                0.0,
                0.0,
                0.0
            ],
            "friction": 0.5,
            "ignore_collision": false,
            "kinematic": false,
            "lifetime": 1e+100,
            "linear_damping": 0.0,
            "linear_velocity": [
                0.0,
                0.0,
                0.0
            ],
            "mass": 1.0,
            "name": "",
            "position": [
                3.695518130045299,
                3.2986722862684497,
                -18.469266270540007
            ],
            "restitution": 0.5,
            "rotation": [
                0.9238795325113247,
                0.0,
                -0.3826834323649982,
                0.0,
                1.0,
                0.0,
                0.3826834323649982,
                0.0,
                0.9238795325113247
            ],
            "scale": [
                0.6283185307178,
                0.9424777960766999,
                2.5132741228712
            ],
            "tag": "",
            "type": "box"
        },
        {
            "angular_damping": 0.8,
            "angular_velocity": [
                0.0,
                0.0,
                0.0
            ],
            "friction": 0.5,
            "ignore_collision": false,
            "kinematic": false,
            "lifetime": 1e+100,
            "linear_damping": 0.0,
            "linear_velocity": [
                0.0,
                0.0,
                0.0
            ],
            "mass": 1.0,
            "name": "",
            "position": [
                1.530733729461459,
                3.2986722862684497,
                -16.30448186995531
            ],
            "restitution": 0.5,
            "rotation": [
                0.38268343236536473,
                0.0,
                -0.9238795325111728,
                0.0,
                1.0,
                0.0,
                0.9238795325111728,
                0.0,
                0.38268343236536473
            ],
            "scale": [
                0.6283185307178,
                0.9424777960766999,
                2.5132741228712
            ],
            "tag": "",
            "type": "box"
        },
        {
            "angular_damping": 0.8,
            "angular_velocity": [
                0.0,
                0.0,
                0.0
            ],
            "friction": 0.5,
            "ignore_collision": false,
            "kinematic": false,
            "lifetime": 1e+100,
            "linear_damping": 0.0,
            "linear_velocity": [
                0.0,
                0.0,
                0.0
            ],
            "mass": 1.0,
            "name": "",
            "position": [
                -1.5307337294585273,
                3.2986722862684497,
                -16.304481869954095
            ],
            "restitution": 0.5,
            "rotation": [
                -0.3826834323646318,
                0.0,
                -0.9238795325114765,
                0.0,
                1.0,
                0.0,
                0.9238795325114765,
                0.0,
                -0.3826834323646318
            ],
            "scale": [
                0.6283185307178,
                0.9424777960766999,
                2.5132741228712
            ],
            "tag": "",
            "type": "box"
        },
        {
            "angular_damping": 0.8,
            "angular_velocity": [
                0.0,
                0.0,
                0.0
            ],
            "friction": 0.5,
            "ignore_collision": false,
            "kinematic": false,
            "lifetime": 1e+100,
            "linear_damping": 0.0,
            "linear_velocity": [
                0.0,
                0.0,
                0.0
            ],
            "mass": 1.0,
            "name": "",
            "position": [
                -3.6955181300440842,
                3.2986722862684497,
                -18.469266270537076
            ],
            "restitution": 0.5,
            "rotation": [
                -0.9238795325110211,
                0.0,
                -0.38268343236573116,
                0.0,
                0.9999999999999999,
                0.0,
                0.38268343236573116,
                0.0,
                -0.9238795325110211
            ],
            "scale": [
                0.6283185307178,
                0.9424777960766999,
                2.5132741228712
            ],
            "tag": "",
            "type": "box"
        },
        {
            "angular_damping": 0.8,
            "angular_velocity": [
                0.0,
                0.0,
                0.0
            ],
            "friction": 0.5,
            "ignore_collision": false,
            "kinematic": false,
            "lifetime": 1e+100,
            "linear_damping": 0.0,
            "linear_velocity": [
                0.0,
                0.0,
                0.0
            ],
            "mass": 1.0,
            "name": "",
            "position": [
                -3.695518130046513,
                3.2986722862684497,
                -21.53073372945706
            ],
            "restitution": 0.5,
            "rotation": [
                -0.9238795325116282,
                0.0,
                0.3826834323642654,
                0.0,
                1.0,
                0.0,
                -0.3826834323642654,
                0.0,
                -0.9238795325116282
            ],
            "scale": [
                0.6283185307178,
                0.9424777960766999,
                2.5132741228712
            ],
            "tag": "",
            "type": "box"
        },
        {
            "angular_damping": 0.8,
            "angular_velocity": [
                0.0,
                0.0,
                0.0
            ],
            "friction": 0.5,
            "ignore_collision": false,
            "kinematic": false,
            "lifetime": 1e+100,
            "linear_damping": 0.0,
            "linear_velocity": [
                0.0,
                0.0,
                0.0
            ],
            "mass": 1.0,
            "name": "",
            "position": [
                -1.5307337294643888,
                3.2986722862684497,
                -23.695518130043478
            ],
            "restitution": 0.5,
            "rotation": [
                -0.3826834323660972,
                0.0,
                0.9238795325108695,
                0.0,
                1.0,
                0.0,
                -0.9238795325108695,
                0.0,
                -0.3826834323660972
            ],
            "scale": [
                0.6283185307178,
                0.9424777960766999,
                2.5132741228712
            ],
            "tag": "",
            "type": "box"
        },
        {
            "angular_damping": 0.8,
            "angular_velocity": [
                0.0,
                0.0,
                0.0
            ],
            "friction": 0.5,
            "ignore_collision": false,
            "kinematic": false,
            "lifetime": 1e+100,
            "linear_damping": 0.0,
            "linear_velocity": [
                0.0,
                0.0,
                0.0
            ],
            "mass": 1.0,
            "name": "",
            "position": [
                1.530733729455594,
                3.2986722862684497,
                -23.69551813004712
            ],
            "restitution": 0.5,
            "rotation": [
                0.3826834323638985,
                0.0,
                0.9238795325117802,
                0.0,
                1.0,
                0.0,
                -0.9238795325117802,
                0.0,
                0.3826834323638985
            ],
            "scale": [
                0.6283185307178,
                0.9424777960766999,
                2.5132741228712
            ],
            "tag": "",
            "type": "box"
        },
        {
            "angular_damping": 0.8,
            "angular_velocity": [
                0.0,
                0.0,
                0.0
            ],
            "friction": 0.5,
            "ignore_collision": false,
            "kinematic": false,
            "lifetime": 1e+100,
            "linear_damping": 0.0,
            "linear_velocity": [
                0.0,
                0.0,
                0.0
            ],
            "mass": 1.0,
            "name": "",
            "position": [
                3.69551813004287,
                3.2986722862684497,
                -21.530733729465855
            ],
            "restitution": 0.5,
            "rotation": [
                0.9238795325107175,
                0.0,
                0.382683432366464,
                0.0,
                1.0,
                0.0,
                -0.382683432366464,
                0.0,
                0.9238795325107175
            ],
            "scale": [
                0.6283185307178,
                0.9424777960766999,
                2.5132741228712
            ],
            "tag": "",
            "type": "box"
        },
        {
            "angular_damping": 0.8,
            "angular_velocity": [
                0.0,
                0.0,
                0.0
            ],
            "friction": 0.5,
            "ignore_collision": false,
            "kinematic": false,
            "lifetime": 1e+100,
            "linear_damping": 0.0,
            "linear_velocity": [
                0.0,
                0.0,
                0.0
            ],
            "mass": 1.0,
            "name": "",
            "position": [
                4.0,
                4.24115008234515,
                -20.0
            ],
            "restitution": 0.5,
            "rotation": [
                1.0,
                0.0,
                0.0,
                0.0,
                1.0,
                0.0,
                0.0,
                0.0,
                1.0
            ],
            "scale": [
                0.6283185307178,
                0.9424777960766999,
                2.5132741228712
            ],
            "tag": "",
            "type": "box"
        },
        {
            "angular_damping": 0.8,
            "angular_velocity": [
                0.0,
                0.0,
                0.0
            ],
            "friction": 0.5,
            "ignore_collision": false,
            "kinematic": false,
            "lifetime": 1e+100,
            "linear_damping": 0.0,
            "linear_velocity": [
                0.0,
                0.0,
                0.0
            ],
            "mass": 1.0,
            "name": "",
            "position": [
                2.828427124746751,
                4.24115008234515,
                -17.17157287525437
            ],
            "restitution": 0.5,
            "rotation": [
                0.7071067811866878,
                0.0,
                -0.7071067811864074,
                0.0,
                1.0,
                0.0,
                0.7071067811864074,
                0.0,
                0.7071067811866878
            ],
            "scale": [
                0.6283185307178,
                0.9424777960766999,
                2.5132741228712
            ],
            "tag": "",
            "type": "box"
        },
        {
            "angular_damping": 0.8,
            "angular_velocity": [
                0.0,
                0.0,
                0.0
            ],
            "friction": 0.5,
